000001
000002
000003
000004
000005
000007
000008
000009
000010
000012
000013
000014
000015
000016
000017
000020
000021
000022
000023
000025
000028
000029
000030
000031
000033
000035
000036
000037
000038
000039
000040
000042
000043
000044
000045
000046
000047
000048
000049
000050
000051
000052
000053
000054
000055
000056
000057
000060
000063
000065
000067
000068
000069
000070
000071
000072
000073
000077
000078
000079
000080
000082
000083
000084
000087
000088
000090
000091
000092
000093
000094
000095
000096
000097
000098
000099
000101
000102
000103
000104
000105
000106
000107
000110
000111
000112
000113
000114
000115
000116
000117
000118
000119
000120
000122
000123
000124
000125
000126
000127
000128
000129
000130
000133
000139
000140
000141
000143
000144
000146
000148
000149
000150
000151
000152
000153
000155
000156
000158
000159
000161
000162
000163
000164
000165
000166
000169
000170
000171
000172
000173
000174
000175
000176
000179
000180
000181
000182
000183
000185
000186
000187
000189
000190
000191
000192
000193
000194
000196
000197
000198
000201
000202
000203
000204
000205
000206
000207
000208
000211
000212
000213
000214
000215
000216
000218
000220
000221
000222
000223
000224
000225
000227
000228
000229
000230
000231
000232
000233
000235
000236
000237
000238
000239
000240
000241
000242
000243
000244
000245
000246
000247
000248
000249
000250
000251
000252
000253
000255
000256
000257
000258
000260
000261
000262
000263
000264
000265
000267
000268
000269
000270
000271
000272
000273
000274
000275
000277
000278
000279
000280
000281
000283
000284
000285
000286
000287
000288
000289
000290
000291
000292
000293
000294
000295
000297
000299
000300
000302
000303
000304
000305
000306
000307
000308
000309
000310
000311
000312
000313
000315
000316
000317
000318
000319
000321
000322
000323
000324
000325
000326
000327
000330
000331
000332
000333
000334
000335
000336
000337
000340
000341
000342
000343
000344
000346
000347
000348
000350
000352
000353
000355
000356
000357
000358
000359
000360
000361
000362
000363
000364
000365
000367
000368
000369
000370
000371
000372
000373
000375
000376
000377
000378
000379
000381
000382
000383
000384
000385
000386
000387
000389
000390
000391
000392
000394
000395
000396
000397
000399
000400
000401
000403
000404
000405
000406
000409
000411
000412
000413
000414
000416
000417
000419
000420
000424
000425
000426
000429
000430
000431
000432
000433
000434
000435
000436
000437
000438
000439
000440
000441
000442
000443
000444
000445
000446
000448
000449
000451
000453
000454
000455
000457
000458
000459
000460
000461
000462
000464
000466
000467
000468
000469
000470
000471
000472
000473
000474
000475
000476
000477
000478
000479
000480
000483
000484
000491
000492
000493
000494
000495
000497
000499
000500
000501
000502
000503
000504
000505
000506
000507
000510
000512
000513
000514
000515
000516
000518
000519
000521
000522
000524
000525
000526
000528
000529
000530
000531
000532
000533
000534
000535
000537
000538
000539
000540
000541
000542
000544
000545
000546
000547
000548
000550
000551
000552
000553
000554
000555
000556
000557
000558
000559
000560
000561
000562
000564
000565
000566
000567
000568
000569
000571
000572
000573
000574
000575
000576
000577
000578
000579
000580
000581
000582
000583
000584
000585
000587
000588
000589
000590
000594
000595
000596
000597
000598
000600
000601
000602
000603
000604
000605
000606
000608
000609
000610
000611
000612
000615
000616
000617
000618
000619
000620
000621
000623
000624
000626
000627
000628
000629
000630
000631
000632
000633
000634
000635
000636
000637
000638
000639
000640
000641
000642
000643
000644
000645
000646
000649
000650